$ANSIBLE_VAULT;1.1;AES256
36376539393135623766643763643562373438326336613565653832613232343439653038356136
3137386633633536326533313431353934376462306565660a663637373430613661623739363064
31626566663265653030613034353934666663323930333438656362336266376366306534366234
3032316534653064340a616162633732316262353230373761333630666564346264363939386265
64323535663530303665666233373238313238666462613966303662333135363433373361616533
30633333343365376230363831633064363835393433383762623030303333623665636662616632
39363135373638333764356238373334393338323938613239316666346639613738313937626538
38663962353138633766396664396162653837626331393434363663316231326537356532393739
31346565613966393662663335333034366237656337393063323463343066393462646133393134
64393535663566393166633430386433626134643961316534396335373432363131316136616337
32616232666166363364383132373133353937306263343330363039323634633361346533333937
34303862333665623632363434306139613333613731396461383866653666633064393634356136
66343435353038656438393264313334313936636433623239393665613938623662353435636637
33643464663165656266313366666131356334613463616237623361656234626637343830343962
38333838656239373831383438653765663930393633613131633661653332386366626531396634
64366164646434343063376463393830303065353730656565383662303032636463383662343161
30343833303734323434303335396366333562313030653134386262316238633530616134643539
36393038316533303135356534623639386439316466623532646531376434353236613534613831
66383734363939306665366137373933653539366664323862316238343734326464336133396130
65663562313461633536633634393236383461633837373938346263356363346433633136323535
37376339326263383933326565343230313964356562626431626236616665386237306438306565
35323361626635613563383366623530383536313233653537653234383661386233643230346163
63336534656365306161353433366164633235393433343930613437373239653963383530336539
32326532323166356565633731313166363132363637626338633430666565396561353334363734
32643964316130333565633163303561346436623233663132616265306162633764653165383364
6635346632333361303837636462323535356362306336356432
