$ANSIBLE_VAULT;1.1;AES256
33376534353165643936623930323039666136333938336361323939373962313834613263326437
6634663139363561656136323236313336396362373264660a376334303466623166373265326161
66373565653364386665646332336432386464343461393564626335373766353261356136316566
3165653036616636310a383132373539626162386439646365336438663539313564326236373135
63653632653839376535393335623534643030613561663332653637366136306239333236343362
33636236353831633831626265623933393930633438333236663663383332643865383930626133
31616432356137393831363461663931636463386239333664356265323534363166363266646362
34613465386461646166356536646532323838393464376138663232393436373661306165323637
38323930383631323662396466646465373534613437353031663332393764633634306232336138
33643637646465383266663338643632636264303836396637386664646430643237366232616564
66643534666232663764613332306336386236643932393237653635336633306235626633303132
65633764346134323661363539623063663235376161626236616237383964353662653166623336
31353333353561323736326231323934653463616630333037393036373330623836336463616332
32643231346132623465636332363064636263383663616133306363316233343965636432363361
34306466333063643835633963613438316630643136386234303665363766613637616437343332
61353837626435626234613735633461363135333538353861373064626634393330393462306235
39633931633733616238333833376537336535356437633530323732336632373663383334656232
37303433616633313663663939636465383837383731323837613861386562613237643131313130
33613461323130376332643361323835626236303935323665363935386362376165666231663062
66333565376536653561303363383433343638646237643565326330373437623764653831643834
66366634326664346131343138316636316662313662656533343834353163313639613533666535
39326565646534306466316131656565323233653836326535313662373434633337663466313964
65383162616266636531346661373431663731323530653530613731346666343261653130366439
37396331363865646664616565323365343137326666343530323564663265383362636330336664
37363463343961383066356239376163646666306335343234666235626662366239613434313463
30623131386361636463613136356366396132373537353436306533393465366261623237666339
62343061356333363034663962336435633734386432633130616630636161643031396336646635
30373231333466363563386262643164373861376662643735313438666535633335346431666661
37633234316232373336366433663766333736306164373265393634663066386234373737626333
39383835376336343261393837386336373563646533383433326264306433343735643765383963
65323639653735306363383064363630316635323963303766613062633336346565346164626464
32656636396334373537663930646436653663363062313862333132663537383530646162656333
34626462653635653663366638373935363735383934373336653165393738643233383230393863
31326466306638316166623062326336343161636261633034613161376565633761663366366437
64653635373230323261383437353434366332303536663931336130346662653632363033346364
30323930353262613932356636633264653166343637626130393132383039323362306534366333
35623364303235353265663735336634613632626663653464346664323036396637373738613438
65663264613534656330333935643961623862306262376562653362383865323566373662353532
32376233663038616263303531383134306161316635343861353866353761656335303538316337
30343938363438383565383237653865326432633234363139333864326638353261636539303433
62666239346563376332636165343538323161366664336231323435656666383562366363356162
35636138643936313133616537623562633962313161323262383262373938343935353662393364
39646664393435616166343263643630313637393262363563346464363365343435313761353635
39373331663636346231343065616331306433653562373765303866333639353465383264363338
31303834653234386137666263636436613061343666326434346432303737633162623638616337
32393063333261373438373830333461346561623866623066643935353766356466343263623031
64383862643332613932386262663865323962313564353836356131393331376263323637346661
34393934626237383632336233313766333936383335663264396233363239313631636238326564
63666230643131376363663437353261623837366536306237653337666432633764363133623038
37313334356636356561386431636439333535363562396435666537376362383635633064343335
65303765653738383532306464656532333933643631623561323730306261323161613935653039
64316538373732623839303132356337666263623664356165373133663035306236396330376261
61613762653137656564643732323333376165653032366139323434373634326235653633373230
64313365333039633833396236633264363038303266646539396366393164356631346161376463
64636630616432376463306638346335373632636330383333353830646435626539656633316336
39353730616433333731386330353732376432343962616461666563326537383537336535633361
36353339326166653534613334303735383665613931386162623262336564633438356664646335
32343238313164313231646662653238376136363865343131306435613266313931333731306566
63343531393336633932646663393137616535663639663466666137313262336234383665353966
38633663396366323663303565323361663161396430663765326335616537336563353162613163
65616533373663353331633032656539613731393839303061363563346333363336373732376237
30666161666231333864643437373733383431303333313839303161383736356263346333356533
39656538356130353734336630656332666437386239333637656538626166343232386164353238
39376132613262393230656535633066346435313333646632386633396332363362333738363338
62356539353166383661323138626630633430396130333166623137333238356663303663373335
34313230363061383939336233613532313239633138326161663361346163316263663237336332
61646130643634363265653232633434303035383366333534326234366138663930633265636363
66623031386364396432343430326430623232646635316137323734383134643361623637633963
64643561313036643636396565373861346463316163353563643733643430623963653136363031
31636462313731653630373931363563636664656565666537343737306633306638643364636431
63343534316161366566633664353166626362616264373535353136333833336536373166376166
66653632383364383236306565643734363461366133623231623638363661373132346161336165
33633631643834333731383937663338353863636331343338303832383337376165373833373961
65613430356334323535356139333663353863383632343030393638313832313438653135363665
62653335393439313531323664333236396230386136613064313937366534653161636432373434
31366130646230343939663363666265343965313633306230366632616561633566666337656431
63373837343133376336383330613739636230366630346536626631353163636538333864343139
34323037383532373065343332353030323634333738346562336239356463313530643366376539
30306530313036393263386461646265303632393433626231373863393764613333663336383136
38363034333233363263376231346364343936646339303035393232313835333438346661303032
37663261343232326362383334666263666638636564343034643930353133663736383463646633
38326565303863653938303161616130353531353733643138323236633961643930383966396466
32623730346534366637373938326537386530353166336263663931623964343737373830386530
30346436376335323061376238376530616665356530653462363239383936616462616437363265
38333964316138316130663835353238653732306365663131643037653361356637336133323965
63646236623161386262623332313135313061646236303239383866383162363865356230646561
33313131386666613465356364393662383831396435363436333933383139653065363032626635
64326365653735666466353439313332626634386530336136306330623331326566393566346136
37396566326564353266313238303239386537333035363763326366316632663363383931336363
37353434336535626131316636396639623130316333633335663830356533633636373663643038
34653331323330633537373030383637666661353636353331663135326664636239373963343664
65373934353662616636646237323133613661656536653135396230353663363963633331373830
33306130613832636364653261333662306331326237646462646261383362616131323962636562
37646531646534613337666365336634306437633361376662323533373566346263373163616164
63313561373038653262303535633439656331373165306265663137393130643761363233663932
37376365613737346164623664356333666433393332386232323664623438373334623037393534
64383536626634376532346536376532346433643331613639383061313832383034393532363163
36656464383136353738323038623838313331376264626534393432356436613337386232643361
37623435633638363435323963643666643737306365363538623130343232346437663165393037
36613936613562366466623133656134303331373234616139333564346362393238616135313336
36633133646664376339383631343934356632376263613536393963323664313764653436373866
33313634313436626365376465393064366536383136343864323238396562633665306338396432
32636638633432333866656664613061333765646239383832336163666366653431366334653837
34363862616230376264636439613430353136636131633562653032353761356266366631376230
34356362336261643165643230343865633635363962643938343536653239323639363134663466
64346130653534613437326433303139366134633662653965333164323233396466323332336238
61646135306436646365363434346239346532383934656337313037356337356434316463633034
37623665373532613861326365373632373263626563353461393536306163333861336265386465
61646430656634623462613736396132646335636234383039633530633062343466623732366136
35346439656636613263333464656136393230653361393735356631616465316661343531353130
36363030366234643764393066646331303338326232623337613030643462373964363939666364
64636234306362383031333063643830323066656533306130613337663964343231396235383662
62633565326366343337316337666637303230383131396636333635323537306663316265633163
38663138336163353335616265356262316462366363353734633266333166646363666332306330
64643536376638343538333737353139356464646631343334343666663034386538343064313134
64356130346331393136313936346361343739663665633364343636313139383962326232303164
35666362613963333737396136393665653465663762313636303562643436623233633733346435
38393466626636316433623430343032316338306665366464373862303163653936366236646634
64656634643465333131623731306231613766323730346137303833303939373039313265393734
32383764386366623461646464646637376564336463313063613362353135396466373665383734
34356566323835326666393533333236353236343064323837346434633861633463666534396530
31386133353764386137356531623338313536323832303734313464633962306635643337616139
32623131373838366361393435313636646131326230613661386365373331343038316435313631
34326561383730336234373964333233396563356433393331663036623136626463396330653231
37626135643739643832373262346363633439333531336134653131626636666333363064316462
35323534366536383031366531663631663164343765383534303738636431626534633631626339
30306130613165633732343866646361383039353232323466313933343239623363356365656635
34346165303238633464313862363731323439666136303039316535383364376662366439323732
37656630313138393365613761643730373733303734633734396333353161643439653166616462
64356636353536376336653762396237373361386465316533366438363862393862643639383936
63343039663436643630653363663866383039663066343934323831633132633137623366323761
35376534646333353237346231646330366261316133626236353436303630323139373932313535
37343666353366616333626263623531613566366435383332326165623264346539366530313339
32303135313630383338373338633363623538393630353533353532616564373831353130383436
303964333833353462373439323038366236
