$ANSIBLE_VAULT;1.1;AES256
31663261356437323635376361316236616166323334313633396334363934383235646564646337
3763363035303536656331343166636335653732306233350a366364633936373635666661303039
32363335353237633831653162336633633263313035353962323361346230383637333365616432
3539616364383834300a306334366432643532663863326163353166633231326564613063303763
66666566323664343261663261303336613338363833613634633463343432383334623466663062
65366338613836383031626464623665353830333364626664343465663435363036346566633439
33383565373361666366643430343165646561336635373965336338323734663436643931393138
62663432623737636430393662643230616161646666643236343561336332306465343430623962
61393836303861666533663237306639626434666466633433666563646263306461323339373638
31306131383639353831303830376364353763373537646365363863336566356339653232393166
32366237396236643231633364336634303334643031323037626137366130376133313766306637
65306261323536323363386266333639636635326161626266386238346432626135363535336130
33353437386663376434623966393164626438666636306161616333336163633230373164353933
38666430356132376665303063366562356130306132363530653931633262303936633633343939
65333132623239333139336564633166313764663133393063323832643135396235656233303535
63343566393634656263353663636134363831613333623666656130663836336237376534373564
63373136626533373230336464303336333130313165616130643530303137363066646364623139
39623363386130363039356636336231336330656535613766616533663965623735383631633762
65346262653437626562393737646135653734336437376636306666366337366236643937613035
30323162323965316534623564336537626131653235316365316330343539326564343339353632
62353136333337373535656238343264336432333435646466313038623933626232393131623834
37393762343436616663636432353965646462353735646634633038303338393839343361346162
31353330396663643838306262383032333339653161356135666161636662313636653931623335
66666166323062343537303534636261653962333766333764353837623137663034646535303035
31303339303465626264656664633536356536663336653365646264616239373833383736386133
39646566366335633963663964616365666161333933383961323135623734646634333330646335
31336333613766613439383161386238353464623839333231366639313938616437353037616238
63666236383862306461396664373666633435303231316137373532633139393337666263616436
34396236306237363861336537613231373730393330336262356336396464333739353430353937
63396662656239623631346337343531646661663032643462326464613066313562373863613839
38613266633831646562643339313539313931386632616464323736303263333966376436333537
66626132643631396332373131373265306232383061343365336162633930363061363338346365
32663963353637376362623338333962303762383034626166666633326461663639383339643065
37663133353861343866346166633232666263363639323330366564373665633737353035396665
36336235396339343631643163306234666237313236356130313535356430626338616132326336
62656234353631323537386262646536326462666338633134373038356334636165663432616464
31626663646339373034383036323463306164623630366261653931633966376636303137333835
32353335313133613535626664353861393164623731326236613865366664396662643661336366
33666538653762336562343162646661613161383364666231353466373737373530376533616331
37386461333066653639363933653562383038303138396463633635323135656465363133386636
64323536643538383765356362663130396264333661653133376634313239333965663730336531
33353934656137653630393739303361643338613565356235303639396532373864663935316332
62623262373738313765633739373733393265373732313663653866336666373733633532333233
31373865353031323635653931393733363463616564626334323139393063333334373765353164
34393865356239376434343561663330336439306264303638613062636533663330373130613336
32613765323130313561656537643636656362663962303034653233646631623037373335323964
65326464663066666438306231663230313539303934306334303139303065303232663731306330
64316464306134366636363130373934613235396662663066373535373265623063373963353530
38643162333034303461633562646263313035626537623836306434373265623935356264653066
64623830663639646562623461666631633761316136393838313863303835366266623436386633
32333838653333343037613734623632646465303065663030653637356261643862323935636433
32343333613434366532303461323763373839373536383163346562643033343431316536353635
62366231356661633264623733643263303736633563323861336265363264373366313134393766
33353033343661383162323561626632363234313233313038353633333132343163383562653161
36623564363137643237363930613762393133356633626330306363383739633538626238396134
33646531663763303266376633323739653136643133303263343535356361646264396163653736
36626434623161336665373033376133643735653364633334393965623831633031653464366139
32393031343636653164613939383062393964643934333063336161303663316338356631393065
62636462383564393030346236326365663330383761353736326639363532633131343636303930
63356661313861653932626562643137373265613234373066646531623136353562323130333065
34656339656130313633616665633863653962663562333936663535363866316435646365666165
37303937616334323338353138623237333533666136623832643331376430306231626136636633
38363465643936656265663838393332343335383738396138633139643563626537373135366262
31306535313132616464366230373436346533356238373262613933663234333661613037343835
33383735363665666139363636643562343336363231346434393037653233396234383233376639
37646438333361313834643263376334333339643430643635366239643539313036353130336535
66333336386637613038663865363932336566633430356132643032636662336463653262646638
63353836303232623234653337643435393864393835333233396530396634343165323439643833
32346132623163346236666639393966353664656563616337653736393732656131333230343364
39623931333562616663373835323532313832633964396562663830613638663530633739323036
39616332663738343330373538343132626364363164653533333230383630613332633834306634
36343432393461366236363139653462353237363039386166653766333532313533366566663139
37313230623432386531396234616463643237376563396637643363653263303537316538393563
61326230613765386535373963623666663431393966393732623439306663663664383031336134
39653061623863663332343636393436316434336266323337386362386265353034383834663537
64313437326130366561666436633562656266383464323634653064656239303162626635316430
65393838626639323834386130656632316366663638646438343164363539313832306239613531
39353361613466633661616166633334316332613831656663663233373833356338633062313161
62653730613632343836633131323336646263393832663736633439306634303262346162663666
37326533633837643832356134316630626433656561303032613333316561353263353135613564
35366563653466383637623764633635366338643138366366633761653065353934613565363765
64363530343431346365653534336365616631646164623232393637313139356336666263373138
62623664313562383336303362653761373531663665316562663532636239363363383736303035
63636336356535323438663836306633613464356661333066343165356561653638313034383632
64323239323036626566643837386536393863336133346565616439373736663864633035663732
63306235656632306136323433623362343161636430653436373765616134396463616133656430
34326432663036373337616164386637616235346463633232653031663436313263336135373265
32393063393761303035363934373139313766383234303930613737336134656138633836663534
65616563363966666534393030653464376139393939363763663564303365303964376464386231
66613865366537376366333330646163383266383937346266393637633138666239366536643563
65343034356334306236313538616266376330643763323430613930393764666661396562633866
36383863373231333037653333356234616262346632373232353132376163343233363139336164
30373262623631346238623461623837663635333830363438323634646238633336326232373166
33666333663534616266613830323361356237393266313138646235633033346333653831366435
31313439343364346430383938393030343337613030623730303234613137373062306636613533
39626538663936366439333865316464636633386165616466326236353033323532353232376234
34396539636163353165373530353463663661306666333636323165326633663561653538366236
61623837643039303037316161383035383133353532356163623631366163306461323965616365
30653363616632653635323839303832366638323731663765363535346536313263626232636464
33396166386339393831336365633032626238636536376466646638353535663732373933616562
32323435653862346638303963366561646536613632643163333632643865643531346562376363
36363432316463316239643933656366643362313262303563343837666266393165393438613938
33616462653662336433333430613761346265326539613636306237323539383935653563633335
36323733393036656133373337613063376131303562353533313134313334373932353665316461
36373562313263623863323135373032393537393764616464346163363731353438663632633832
65303461623837383831653764386233343839613734653065623231323830353262646530393038
64303937643338313137316362333063653138633564366565323932333134373635653032363239
64333136343336333061643966326564636633393964306136383430613562613466333432633434
39346330663436656238383936313836326531306134333163336335653935326338326166383130
33666263363533393037396661613939343432666663376463306131653338393337366132353431
30343333343535633836663536336363613031343162346238316362666233353432346266623038
63306266363861313137306437326538613266653031326461383337646336366236663634643161
30646363616438643236323632313634383266383038336365303930386565343533363137393536
31666361396130646231346635646138323534616463646335376136353838623261396131356132
34366130646435633662656463613434663239353838376533376237383666373831306232653464
31393237313334316332643733373034616238623039303830623637303666663030643936616637
35613361623134356165613335326562663166303464323266396134393631346632376336633863
39393664666531313634333464373330666134646233383534366363383830396338613862386164
31636361396633313131303630356662336561393432663332376364323436666232313638363436
31663934356233653532326331326265653537396335306232623330396561646261323334353138
30343965626337643766363464633364643533656531626364393631346530613133333738393639
37323739343637316564323830643830383132363535323935633461366139316363633263343938
65383737393339326332623066646665333763373234646335313935646161326230633664393732
37313063653337383937623435306536656333633636313734363636303835363066393235303631
62363139636636333135356563663562343139623332326231363337383332656233643237303064
39303836323337353138313130303434663138623164633165633762636461653231636262303138
37373764653131326437393262383034663836333433383033653139376362326266316630653435
32373034666262353262303830613835343565616235636563346335626431386433346531613862
35633661303665356237333435366332373430666565396164313333333836623365653233393932
37393731613436626637323132353430316335323737633066376232626666343532386632333035
35353865663530363534303439343836333363633635326338663838643335613530343635373535
36653637643135386362353733366330616362663366366531383362626238306362653335383036
31666432313662333165376636323863396362633433653733616461353430613566643766363265
64383465396366343662363035386564336662383636313036643331323635386338333536353038
38623565633538633337356333363564346466646536386166346661306337363130356134616263
31303464363338386132336239653830653435653135363963653334646132363439376230343036
64356561613962353164323361313935613762383563623532663432346561333332326263343731
64633230333466643032373632613463333264353335303966613135616138363264356331653361
65373639626430653432363539303031616232316264666561666665666162396232623335633533
33663231316236383831323939626664373636336661343034363166373833303961663535363065
31393736343563366531386634333734383632343961383963633733333763386336633938366138
61353863353139343961326239323934353435613234326633653434316330346436326566353232
38376166643833643034663639386364646237626463656462313466343163646136363766633732
61353839346536326562323366626635393761313037366632353361356235313033613332326165
34613430306432633031353035306265613334613139666335366361303365373136373136656532
66646664303366393234663363643065313565313532343638336539616532373061623837633533
65643834393530353763666635333631313533386632393463336431626461386265386533663838
66333831653839633133373834303438303833333564343431646430306333333832633539666364
34303238306464373734626262616631393663633062636531626162623337633064623164373263
31346630663633623532336237633761623761616666656233306331376462303566633934326464
38366565333035663739386462393733613637376662623138376663336538646462666133656434
39396638323332363563333435643836386532383937613735636233313063633534363261633564
61323330376266346563343061636239326265346265356263336662376365316533616630366536
62616631343634326564306465313730613064313561636463306131393835643135323238623634
63353164363035623163623965363062353161343364653635366563636461323238393563343631
62323136363338393765383034386238323563616535346133333830316333616433333335336135
37666338313332643964656465613034633730373630353333353930363166633031323933656365
61386434356338616638303366356532666130313364353636376238633934613064623133623964
30636435363633656163313631353938386131363264383163346336666561663834626339376364
35346565363637616135383461343739623834623132313934613261356366333437353636616539
62633932313366653666653130623139373161626137306535613061333366326565306364636534
32643831383032343864643038616430616534656234633330366365313835373866343234393162
61343532666439343463386439393437346538313463383266623438623934346661396434383131
39366130636563616234376432316330656233613061333466383437396164303966666663356138
36326638636535633836653239663034316361323265313333643865636338303365373935393133
30373666306364336238393138306331666237363938333666383238646632376633373061306166
37663131313963643433643930316563366133386465643462333931343338393736653733363230
39323938656261306463323264343661666261396630643338666265363330396461633239336565
62623438396565343735633835323935643863653831643434396430326665663561346432303238
33626535363631386337326661383535393766346134663537383631316337353639353336626633
37663765636639633337316561363237396666336432363539376633303434303132383761623335
36306165323862353939333363353064633939353239623834343765393833383031386433393939
39636261663331323330653565336232326333386162323464363665333264303762643635376636
65613837643834623634303234343034303336383964663132323266356435376235373861366139
333535623930636664316338633439366635
