$ANSIBLE_VAULT;1.1;AES256
36303533626164353063666638323531653630613064646438313233643239633031303534323665
3362373330353266313135363431393161363966346630330a386238353165323236643864373262
63356361613165653736333463383766313436396262326438663931343965636361306333613332
3539613838313435300a623636666361663565383565353035363036363066376161303663633931
32386338306234393864386238316330643764636336373236313237333435306466636139393964
63336266326537643533663566653537633736633734363136643831613034383961663531366466
61656665333863356462393962643630623734343039363632343366646534656232336463633639
33323566663135383930323961623737616366323839646537336366393938383437316632663038
36376335303033343561363663663331323433393831313665666262346237373863623665633733
61313239663266386637383764633564303763313034623333646439303139316438396663313037
31636464376134633966313134383361373134623835383030643337373133303835316235363864
36663233656464653861326237313234633836376335323339613933393536626662613463313262
37376135663133373136616237653236636364663730623666396634646366666566336266343766
32333533393531396639393761346361393762653461646534333839353733373330363164623631
32393331306465663735303263616164373462623232616432303163333765326663356665306161
63326135333133626261373231626230333632373732303664646234363161373237653737646239
65316534643834333031383038366465333732353837306665636137326466323961363330343062
31393666313332636539363934356266303336633537333734633162346562623735626365396663
31653230633032316234333461383636356634336336353062393039303163643863326463643830
31383963323438613333613432363262643061653639386630626130656161306564613761646564
64623335663066643135613863613065363763343533626631643534373063653861323461613439
30623238393938613331646165376663333564623264633833633531303664616133373138386232
36303433643366353432326530646430633233336432636637633738393637356366626331613438
34393434616131306539323239613162326462373262633965316430336536616330366231623934
64303337306230386334393834353539626239383835646166663464363231343737646138646630
35333938333232303230343735616635643163616264313031323937653163366361383764373333
36316264613335613433643538646364653231613833636133373330663361653661313263663161
64386363353132623663626666396162306434353839326135643661346532316163653931373262
65653535376232323566663339373363383861393032396264313562356235613736323032323537
65333730343737303439663735646632333333373837666139353565326330316333393737646461
65303432376532643436393935323564626634363237396164386164353934303366643962303437
66396362616366333534346362363436366461393631656264656637306238376137383165633166
30393966626462303765666636613463636531613162306363666535623362313535353663633335
62333439616534396335626439303334353238653034306631353662633834313334316338306239
32643233303831306264653433666532326466373764666131396562643265623038323834343431
37656632393665356537333064613562306238363162346137653564623933346637623166323734
63636363653036663866613465353034653139646434373565346665333662363130653036643739
37373738663665633935356437653761363931623735653330376236346138366238363137633939
61363362616362376638653062636235613966383835653933643332323164326336323834346566
32643030633439333238353865386666623331643062633962373134323161326534663036623335
65336565643938303331656464336431383335613837373932313635343064613564376230613461
35333434666630636463656236636630626161383337623333336538313931333230343261373937
36313963303066363162303664633935313363636466396531666131616461303535363362373731
35646633386164376437376136643163393734666563616332663935353133343466383030363531
62653034316432613930626662636237393735663930393733316263353661653563306630346561
31616536643833616665643630336531396439613830366439323666386637333932653265356162
35353333653033626233376331316166303431363730663666386561616362373164626135626432
66316431303839636536363937346133326537353962613934656361343732313937356436393638
37373830646538643032643739663464393164356535346361333863363036663262396465623130
32656631326561633565666233366631366161613430626335643632663338663862353132313263
61386163633035333739636638663234626338653464336530316339386164393066666362663333
63356634353834356231336535363930636231316638386334326332346630363737333562383333
35393931396232316233303531373866306139353435383733373831363238303862326436663531
66356233366661306137393035356130303832303935373365303032386334363330363939386163
33653664326131323031386339326261343762373830666130633833393965643335616435393633
32636233633233326163326534656639306331623237343733353939666533343934633962663838
62363464373964623261383931303537313039326262383838363831636235326564376266386137
62363538313635333462333761646435636261663835313962343736393334623162393335666462
38666564383337613039366661636333643133353361383065373363616331633331343865336166
65346232666339616139376338616237346130626466336331303438656663326530626135376661
66313734653765316433383963363435373237313937613662376139613266303731623331333933
64316165363430653031393133336661356564343035313066396236326430343735376463303939
65333364613563346635336239636636636262313530383735323830373039626464643831366561
33383333343161323531313031663038333036326238636162633836313961323538353935343162
61663037363961393034353231623633393565396233373731356365316537366430353431363230
35633237363538343365333333333635633837633635653439386330306533643230643939373439
34306162343831623631353961623238313838616562356462653338376439616563313039353638
34656137353736646162656530343637653432653931306434383331666439393961343063633932
35646662346162383636643364393733346666663462666130373836386262323561633531666334
39353136653764656436336531313331366262383431613732663633313165663634373134306534
32653838396539616536653065383561373962363331336436316530643339333935653766316233
61386562613738363266643163626136653631386438393739336233393637646133303139663161
32306362383561613134373566303338616662626137323738343634343662383634333336383431
63376635356133373431373462386432636463336537643732336564656233306138633136626165
64616635373035336632303639336632386432666464626561666335333135636231333462653363
38373134336133633339366639353665326436306639653163396266393537363862313938626261
33316433316431353131343761636162313439646133613265356637653233353865303564323936
38363561356533363962343563326132306461313633313235373965353831336439376232623564
64333962313938316661346266663462316333623338646539623238656139386435393938303735
32356163343637383662316464396433303163383364353539323861626332613734613838393734
61636566313962313231613930323137343438643130623035306661663864643933363364366263
63356235373761666338623734366438653066396431393038336463666366666666373261333262
63343739646436316662343734313162616464396335326332346235646430343033373966656332
63656162623938656332343963363031383536656436386164616235613432303664316137356634
63313438616334383562616138653863306561323338396433366664313936363332386134613330
32623864393562396631633937366133373034643065666537323831396663396564393931666133
65396563303937306266303934666138626334643963313364636539653736373662383932316237
64623031316637393938353835653436346536613132613032346533646438313932646363663264
66653836353561326230343833646662633531646466323835613032346662396564373537376265
30646639333336646433303662633637373432346531336563666665383562393064383331373135
35343436616666393339386662323466343162616533303933376664643163353865386164383333
37613763643563633731623837343433656465613337633136326439336332356432616662356436
34313331303031653466613935383135376137643261656235653538386331323564343261623130
35643164376430393833303032653532326437666435373636653665633962613637626539323036
35656431313235643632353162646533633536656237653930363333363539666165366464666165
65306630343162306333653766303564336537373135346331396562623766613732666434653136
35666661303263663837363132323631643261383665656633663765313937343361636364656238
32653735323765366565363632373866383830613465633565306338633331343735323762303864
33343664323437613861383436303433356332373866313635366439613035363434386566383533
64303434666236396265386136326661633464366230663639306662353838356164653037643633
37303835306162356332383539353936313336373539313336326431366436333162643765323165
64613039316535376563303666303535616531626439383033333935366462353361396130663435
36643331613563636539363763613164653063386463653865333462313739376466313766643261
37323464663964633636356138343139656632353532626133343663323863656435353630666265
65633863363539343833383937313739633961663063613033376139613737666263333837353165
62336530663465363338313638363038396135366330616234306134616131313339653037396134
32333361343339616632333166386234623235636239633462346433646563336234393334393030
30386433643635633638376532376331616435343861656163383535616335333666616261343435
31663036383035656464623633643232316163323762346330373161336530333831303739646535
32396136633566323538333837336462353038303730376237653763346236343934366139393261
37386364636331643734613333633164373765363734643133386362326331336165386461323537
61343734653230343565396533323434313062643833663532623235393233376338356465326539
38336533623339353930353334316535663961303839646432306137373363636133613962353537
66393737343162303132396331326535353263616639353137626666343931323364613434636330
36373436383566333830633230313365663861666431396439656334633737346535353666346261
31303863353836326132396537623835353339633632663334376563633934383537623135303033
65623363363934383365653462353333336236386563356536633937346365333133623965616533
33393637633535313834353930313439353931343933313935653734316538663530643034663561
61323634386532326530353639636236306165323665633261623535383339313033386161316165
61393961383831373336646637346435333631343166343938366638323738653137306539646335
62353765356265343832323463643334353337356462316365666465383932323365393631313564
36643466623036656233383166666265633338653866363036646563313739616563313065636536
39616537383262653532326137383133343864666430313863613238373734366662646132393766
30616537303932636133326566656666313565633734316264613536323230633361386562386238
64613332373032303636376339633139616331303836303332363432623862353564656431363964
35303131363361376563363737626362343935613839346361653039623138353430653338646330
62373065383134326331633339666434653838623537303132356136653330313538326635623438
30393533613333333364353761393864353238653037643161313338373032373061373837393563
36363535313730386136356134353536646161306235376331653532333936313465363062383330
36396432643930323837323737393066633539666462346432396239366235333735323538656234
35653563383565633539363235363635323037333463666565373965313836623233393732646262
39613839636565663038346238356662666366343662343532616162383533353938356562663063
65373037303565633362383435373564656639313564623536316431336166363032633236656333
31666363663632663161373162313761366535323430343732343431666662646136373464316163
64626166636338316533343031613731626464646330616638646430633432313434353939343034
35333965613139373836343535373366306565633736613831353731623863396237383439633939
62373831373364366333333334323636366538323333316563356537613034316630353639623666
37333134383665373665386434623761343366353066383531623133323835376664626163633933
66346631313165626230343038356161346361383135613863616633633336643830393464353035
36343666396639663937653162326635636539363134323537653136613334326466623036643436
30653662656538343534623834373934353566306165353239623134396462353136363334326530
63353566653866346339396537393764613736323835353065626365306433343938636264613235
30616336623565633636623130663866343030326666633632373066326334316238343437623939
39366262373734366137633632346438356532643530366564656333653535633435323365376437
32356431383438613261643361363866346664316239336461323762396164336665326638353433
35633763633933636333393265653665313435613962643465646165306663653232393464643933
62343564353437306164363332343164303230363039613838363134666562323637363236663830
39303339386131663330323338633961343936623631333763353539653964386638363836653937
64626132613638643434383737353066383065623966623563363936643437633661386135613863
66376135386433343832363831323730343061313330323062353139353134353736303365313534
35653339383564376130643361323435366439326434316232333364396266363039326462313439
35303634656163336161346536623961373737356432346162386563643564646539363538383565
63316632313964333536346164363933653731303161653033643135373030373935646235343635
37363735623166623436353265343631666237323361323037656134333265316462356431353866
38333534313132313139323232663536343133636531626133623433636162646131346637623930
31653662333735313037633231373665613335616563656630373933656662666163323335343837
35396339383836653331326361653666656432356138383937336436633137323138633630306562
61373062363661326436623736303666633536356239393739383264393336653738316662306439
36313932363532393366633164366364633839653864616462343664306666303066366332336335
39666138336235333166663238626537653334316335653562303636653433363933323637376233
62393961386230633864323238316435383531623962386131646465313064383939666465356135
33373366383364336633353166656463343637363832656432313062633566636463383238303236
38653566386530356330313439393265653034613438336264333161646231623366626362386431
31323135626339323239373037383938616537653161646139383830636563343331336232653037
32393162396531383961313231316238633864656565613462326536333137636464623730333864
32613865306661653333346637386465316162356266613232323238366663343265393034653632
66306230366633613766663033333938346630323766333965323561633036386262383834343132
37343736393237343564373533653639626435393064623530633138623764363239323634326264
31613638393139376366316136666537396338383361653435626332653263623032373234303362
66323331303532356235633736363465313535653861633033323165636339383933373935323165
39363830383134646465653239336363653061383331376333646134623137386135373031376663
39663831613933366332623562643265316362656663393438353535666531383038376539393537
62653934666539393963316664643033353063306436373366613363376463653530343239663533
61353437363465663039666135313164326666623832626635633532626263326636366539613731
633331393464336463626636366663386562
