$ANSIBLE_VAULT;1.1;AES256
34663232663261303461303134316332363665666666633031643264353737306236336662383334
6261323932663135646366343863613132323131623963610a396165623666636331633237326638
62323531393832393062396430663662326638366262656537653665626466646631633463653231
6336343231393064360a376663343538636363306333643566643462383362363463643862316331
36653935376135663766303030313434373532663635646134396562373635633162393963383530
66313235386163323362626530623236653961386536666130316539353162383037366538363433
39363863306437643734366662393231343066343839656134373637643766666161326566623834
64306539653330363066306634343231353739366234626536303630663664656165643331643535
39353062646261653732386638353232393365343032323663343233646236386166663437316338
64643865393562643239306233386631313637643032616365313133303264323563383162393462
32383065333930633264356164353961626365323763376334383832616363313630353565666231
64353465303462663136303735376236323234653464343431323361663337313730316539653638
62306562376566326137323964643635646163313565373735326264353735316663663436336464
63663837623064386261396230396130313766393932613135366336396136333564616163666161
63303931656134386364363032633166376439633230636238316533303339306131366163306566
64326562353164643364326138343438336364633536356363396366386261376237383937653061
34633939356435393239663931346231393834313634366161326638663265353463
