$ANSIBLE_VAULT;1.1;AES256
37303964323162383138656165613066396533666339366536626538353264613330636134313432
3337393262343432353638343235306335653138336131630a613933613462623964316536383931
37313366376330656362663232383737656364313533336566666431313538393866653666643231
6561333165633539310a316662326561356132646161643561333237336364343562333266666461
65323034313065313436346266646463346162366566356537623363663633633061396531623333
38373438373666633866363766366237633034653637393366353537356339346333303237626435
36333334633462323130646531386462343864326265646335343332336637353263636431366339
65303935366564303132663436353734393664303138336539333862393938393663633934336266
32313765363430666636633461383032343230386636373639323063336231366363613564386235
62376535313434346664396165343134336639333030303261303264316135653933383330643938
35366262643961366133316461373634626631313666333330303866336662363462366665663565
61646330623838346432666138333835306635663130633233306239353633643137326333626666
62326264613637376362663833303736663734336637626339613731313935383433663939653464
39313063343866663165343164303361616366656466336133633464363034306336333139633938
38333332626336623133633064326336656432636435376430356238363530353331616462653533
35396139663736363538346539303362316331663265383666346563646233393934363266343932
37653736343831336564633037356339626139363734343039376465666234376561626532613538
61313163316139626539376363613337383933306432306563623535396164356230653439326336
61323165316563383736343234306636386239326365353532333036656362633936313234373338
66386631393464343062323536656532393837646265376131663037393236643366663961373732
31383730343238653661306461303735323266663262623039613763616437663431356630623234
64646462373464613962323236623161666663653362383433393237353732353864363838373761
64363861383334313930383838626463623333353663386238663564323532306435613935353231
31346336326662623961613361383763373732666666643938333838383334343864613664636237
39653561303830323436633233626434326331633462396432636130303431393035383632633332
32636232616331356532393463626237323634633130363131373237356564343030306135653132
30633734323261646235616264393436633832353633313839653261333962623366373531303537
63303566363331393636393839313239613163303335363730303236346437613166616238333235
6338
